muobs	zHD	zhel	mu-M	mu-M_err
33.25745	0.01012	0.009351	13.90745	0.19825
33.3996	0.01038	0.01164	14.0496	0.2048
33.2748	0.01043	0.008969	13.9248	0.20035
33.3586	0.01082	0.010767	14.0086	0.18445
33.3291	0.01209	0.013201	13.9791	0.1914
33.8066	0.0122	0.012852	14.4566	0.1737
33.8174	0.01226	0.010865	14.4674	0.17765
33.7986	0.01268	0.013232	14.4486	0.171
33.6311	0.01271	0.011698	14.2811	0.1749
33.5403	0.01291	0.014124	14.1903	0.1716
33.90605	0.01318	0.013142	14.55605	0.17285
33.82835	0.01382	0.012549	14.47835	0.15385
33.99805	0.01402	0.014088	14.64805	0.16195
33.9908	0.01447	0.01512	14.6408	0.16555
34.24705	0.01451	0.01587	14.89705	0.16765
34.345349999999996	0.01454	0.014137	14.99535	0.1656
33.9658	0.01472	0.013538	14.6158	0.14905
34.04915	0.01504	0.014905	14.69915	0.1491
33.969300000000004	0.01506	0.015526	14.6193	0.15445
33.885450000000006	0.0152	0.014433	14.53545	0.1635
34.0205	0.0153	0.01577	14.6705	0.1456
33.94755	0.01531	0.016375	14.59755	0.1613
34.09935	0.01531	0.014956	14.74935	0.1526
34.2986	0.01532	0.016385	14.9486	0.16405
33.7807	0.01567	0.014934	14.4307	0.15405
34.108900000000006	0.01568	0.015174	14.7589	0.1525
34.21115	0.01572	0.01647	14.86115	0.1939
34.526849999999996	0.01629	0.01712	15.17685	0.15115
34.2331	0.01635	0.017009	14.8831	0.1518
33.9812	0.01662	0.017019	14.6312	0.14705
34.36385	0.01663	0.016341	15.01385	0.15025
34.276849999999996	0.01678	0.015366	14.92685	0.15925
34.26335	0.01697	0.017842	14.91335	0.1531
34.0197	0.01698	0.016672	14.6697	0.1558
34.206450000000004	0.01705	0.017687	14.85645	0.1832
34.2794	0.01724	0.016623	14.9294	0.1556
34.265600000000006	0.01726	0.016252	14.9156	0.1511
34.2218	0.01732	0.01651	14.8718	0.1587
34.61595	0.0174	0.018024	15.26595	0.1485
34.45	0.01741	0.017684	15.1	0.1498
34.4058	0.01752	0.017937	15.0558	0.1465
34.3341	0.01754	0.016499	14.9841	0.1341
34.285399999999996	0.01763	0.017777	14.9354	0.1562
34.7034	0.01908	0.019307	15.3534	0.14115
34.80455	0.0197	0.019879	15.45455	0.1578
34.626450000000006	0.01972	0.020639	15.27645	0.15785
34.37285	0.0202	0.020195	15.02285	0.15165
34.6368	0.02024	0.019483	15.2868	0.12735
34.65565	0.02031	0.020263	15.30565	0.1353
34.77955	0.02038	0.01928	15.42955	0.14185
35.0567	0.0204	0.020699	15.7067	0.156
34.71595	0.02091	0.020776	15.36595	0.1368
34.7966	0.0212	0.021007	15.4466	0.1437
34.852000000000004	0.02171	0.021095	15.502	0.13615
34.880849999999995	0.02189	0.021909	15.53085	0.1381
34.71745	0.02197	0.022669	15.36745	0.1436
35.1295	0.0221	0.022909	15.7795	0.13695
34.7418	0.02223	0.022579	15.3918	0.13205
34.91974999999999	0.02249	0.02231	15.56975	0.1391
34.8848	0.02275	0.021282	15.5348	0.13625
35.01265	0.02348	0.023495	15.66265	0.13895
34.9736	0.02349	0.023107	15.6236	0.1338
35.0513	0.02384	0.02414	15.7013	0.1335
35.1739	0.02398	0.024845	15.8239	0.13525
35.136449999999996	0.02401	0.023617	15.78645	0.12635
35.03035	0.02414	0.024996	15.68035	0.1291
34.9501	0.02454	0.023459	15.6001	0.1278
35.0093	0.02477	0.024192	15.6593	0.1718
34.99995	0.02482	0.023156	15.64995	0.13485
35.17815	0.02525	0.024564	15.82815	0.13295
35.1396	0.02529	0.02532	15.7896	0.1405
35.21575	0.02547	0.024645	15.86575	0.1242
35.2107	0.02557	0.024631	15.8607	0.1496
34.901399999999995	0.02559	0.026299	15.5514	0.1259
35.5148	0.0258	0.028118	16.1648	0.1376
35.33385	0.02627	0.025694	15.98385	0.1362
35.28305	0.02639	0.025217	15.93305	0.1399
35.26835	0.02643	0.025045	15.91835	0.1425
35.41745	0.02651	0.025183	16.06745	0.1248
35.32105	0.02673	0.025696	15.97105	0.16165
35.22545	0.02689	0.026319	15.87545	0.126
35.3478	0.02751	0.02696	15.9978	0.1291
35.4169	0.02752	0.027819	16.0669	0.14255
35.58595	0.02752	0.027019	16.23595	0.1341
35.58455	0.02763	0.028486	16.23455	0.1179
35.6965	0.02811	0.028734	16.3465	0.12485
35.4544	0.02837	0.028403	16.1044	0.12155
35.39785	0.02845	0.029676	16.04785	0.1364
35.3551	0.02846	0.02834	16.0051	0.13405
35.458349999999996	0.02878	0.026272	16.10835	0.12155
35.441649999999996	0.0288	0.029567	16.09165	0.13605
35.37685	0.02894	0.02852	16.02685	0.1316
35.2148	0.02932	0.029145	15.8648	0.1457
35.693799999999996	0.0295	0.028613	16.3438	0.12735
35.591300000000004	0.0299	0.029862	16.2413	0.123
35.5233	0.03001	0.030986	16.1733	0.12025
35.60295	0.03048	0.031442	16.25295	0.1342
35.637249999999995	0.03049	0.029327	16.28725	0.1419
35.23935	0.03055	0.029997	15.88935	0.45085
35.668949999999995	0.03144	0.03133	16.31895	0.12075
35.4779	0.03155	0.03002	16.1279	0.14115
35.723600000000005	0.03161	0.031937	16.3736	0.12625
35.56965	0.03163	0.030908	16.21965	0.11945
35.69225	0.03184	0.031022	16.34225	0.12125
35.942049999999995	0.03191	0.032233	16.59205	0.12775
35.58615	0.03212	0.033888	16.23615	0.1431
35.822	0.0322	0.031098	16.472	0.1289
35.7343	0.03273	0.033141	16.3843	0.1205
35.990849999999995	0.0328	0.031058	16.64085	0.12525
35.802	0.03292	0.031551	16.452	0.1185
35.74225	0.03314	0.034018	16.39225	0.12215
35.8302	0.03348	0.033124	16.4802	0.15235
35.94355	0.03359	0.034041	16.59355	0.1061
35.73795	0.03378	0.032294	16.38795	0.1403
35.701350000000005	0.03399	0.033416	16.35135	0.11105
35.749750000000006	0.03408	0.03351	16.39975	0.12455
35.865	0.03411	0.03356	16.515	0.1148
35.925650000000005	0.03416	0.033288	16.57565	0.1563
35.8201	0.03426	0.035963	16.4701	0.12025
35.96295	0.03434	0.034556	16.61295	0.1249
35.9571	0.03438	0.03396	16.6071	0.12105
35.71835	0.03489	0.032889	16.36835	0.1667
36.0081	0.03501	0.034309	16.6581	0.12485
35.80115	0.03507	0.033684	16.45115	0.16785
35.77245	0.03518	0.034889	16.42245	0.15235
35.942049999999995	0.03578	0.035397	16.59205	0.1761
36.12055	0.03682	0.036966	16.77055	0.12655
36.09885	0.037	0.036627	16.74885	0.12725
35.91045	0.03713	0.036215	16.56045	0.1177
36.1696	0.0373	0.036428	16.8196	0.11505
36.1208	0.03743	0.03705	16.7708	0.1166
35.9351	0.03791	0.03759	16.5851	0.2001
36.1164	0.038	0.036955	16.7664	0.13185
36.34715	0.03827	0.039094	16.99715	0.1201
36.2521	0.03837	0.037994	16.9021	0.16555
36.21145	0.03863	0.036974	16.86145	0.1275
36.0574	0.03984	0.038518	16.7074	0.1146
36.1706	0.04028	0.040658	16.8206	0.11335
36.1428	0.04067	0.040388	16.7928	0.1127
36.4028	0.04093	0.040688	17.0528	0.11665
36.080200000000005	0.04093	0.037894	16.7302	0.1297
36.3467	0.0415	0.039972	16.9967	0.1259
36.283249999999995	0.04269	0.041648	16.93325	0.117
36.326750000000004	0.0431	0.043526	16.97675	0.10685
36.28145	0.04341	0.043064	16.93145	0.1209
36.27415	0.04437	0.045197	16.92415	0.11995
36.07085	0.04437	0.044197	16.72085	0.19805
36.5555	0.04486	0.044719	17.2055	0.14795
36.64255	0.04582	0.045032	17.29255	0.1243
36.6322	0.04597	0.045894	17.2822	0.1025
36.53185	0.04651	0.045036	17.18185	0.11625
36.334199999999996	0.0471	0.046046	16.9842	0.14465
36.5179	0.04713	0.04591	17.1679	0.1151
36.51275	0.04714	0.046071	17.16275	0.12315
36.7844	0.04819	0.049448	17.4344	0.12175
36.67405	0.04949	0.048405	17.32405	0.12545
36.70275	0.04976	0.051386	17.35275	0.13525
36.640299999999996	0.05035	0.04997	17.2903	0.16335
36.92225	0.05067	0.049998	17.57225	0.158
36.77035	0.05092	0.050262	17.42035	0.1224
36.92915	0.05322	0.052892	17.57915	0.12805
36.972049999999996	0.05344	0.052821	17.62205	0.1398
36.8187	0.05359	0.052936	17.4687	0.1439
36.671800000000005	0.05418	0.054207	17.3218	0.11385
36.802099999999996	0.05458	0.054458	17.4521	0.1018
36.95185	0.05495	0.054	17.60185	0.1165
36.911649999999995	0.05573	0.055889	17.56165	0.10915
36.58215	0.05581	0.056006	17.23215	0.12285
37.08355	0.05684	0.056939	17.73355	0.1203
37.00695	0.05715	0.057329	17.65695	0.1072
36.954449999999994	0.05721	0.057827	17.60445	0.1094
37.141999999999996	0.0589	0.059931	17.792	0.11395
37.1207	0.05895	0.059182	17.7707	0.10045
37.067750000000004	0.05948	0.058332	17.71775	0.12625
37.2746	0.06119	0.060339	17.9246	0.11905
37.449749999999995	0.06441	0.064995	18.09975	0.1085
37.13945	0.06455	0.064297	17.78945	0.1136
37.22655	0.06481	0.065327	17.87655	0.1109
37.262550000000005	0.06559	0.065899	17.91255	0.12675
37.3381	0.06641	0.067035	17.9881	0.1134
37.66035	0.06845	0.067497	18.31035	0.1248
37.51815	0.06877	0.067853	18.16815	0.11055
37.5278	0.06888	0.069998	18.1778	0.15105
37.83435	0.0706	0.070028	18.48435	0.29975
37.40925	0.07063	0.069699	18.05925	0.1229
37.50745	0.07141	0.070791	18.15745	0.1192
37.3621	0.0718	0.072676	18.0121	0.1254
37.585499999999996	0.07369	0.074003	18.2355	0.1566
37.238200000000006	0.07515	0.074995	17.8882	0.1248
37.6488	0.07523	0.075943	18.2988	0.10185
37.727999999999994	0.0755	0.074964	18.378	0.11965
38.107600000000005	0.07877	0.079377	18.7576	0.11205
37.889700000000005	0.07883	0.079874	18.5397	0.12205
37.687	0.07976	0.078992	18.337	0.10315
37.861000000000004	0.08162	0.082633	18.511	0.10425
37.87945	0.08223	0.081796	18.52945	0.1223
37.867900000000006	0.08286	0.083497	18.5179	0.1055
38.0938	0.08328	0.083989	18.7438	0.11605
37.97285	0.08534	0.08624	18.62285	0.1057
37.958	0.08575	0.086484	18.608	0.10035
38.0296	0.08798	0.08906	18.6796	0.1066
37.8309	0.08833	0.088889	18.4809	0.11615
37.993449999999996	0.08859	0.089686	18.64345	0.10605
38.07405	0.0896	0.089013	18.72405	0.11685
38.10805	0.09121	0.089992	18.75805	0.1103
38.3047	0.09201	0.093124	18.9547	0.1139
38.2076	0.09278	0.093243	18.8576	0.109
38.299549999999996	0.0939	0.094906	18.94955	0.14945
38.239000000000004	0.094	0.095007	18.889	0.10285
38.1715	0.09641	0.097489	18.8215	0.14795
38.5329	0.09929	0.098229	19.1829	0.10965
38.307050000000004	0.10036	0.101255	18.95705	0.11145
38.4307	0.10044	0.100029	19.0807	0.10935
38.4031	0.10227	0.101501	19.0531	0.1106
38.50365	0.10242	0.101146	19.15365	0.1077
38.51175	0.1028	0.10387	19.16175	0.1443
38.25405	0.10293	0.103381	18.90405	0.12325
38.51045	0.10298	0.104044	19.16045	0.103
38.45195	0.1034	0.104549	19.10195	0.1007
38.31075	0.1036	0.104715	18.96075	0.10555
38.4667	0.10588	0.105017	19.1167	0.10015
38.440349999999995	0.10643	0.107506	19.09035	0.10245
38.5684	0.10689	0.107999	19.2184	0.10455
38.54495	0.1072	0.106038	19.19495	0.1111
38.594750000000005	0.10757	0.108442	19.24475	0.10865
38.522099999999995	0.10902	0.110087	19.1721	0.10285
38.64245	0.10989	0.109098	19.29245	0.12085
38.73095	0.11229	0.113577	19.38095	0.1026
38.4771	0.11376	0.114761	19.1271	0.10675
38.64475	0.11639	0.117434	19.29475	0.10185
38.73465	0.11659	0.116934	19.38465	0.1036
38.76925	0.11762	0.118057	19.41925	0.10595
38.54345	0.11782	0.119199	19.19345	0.0991
38.70185	0.11787	0.118937	19.35185	0.11365
38.79875	0.1187	0.118944	19.44875	0.1339
38.61765	0.1187	0.118178	19.26765	0.1244
38.68475	0.11944	0.119032	19.33475	0.1245
39.001850000000005	0.11981	0.120853	19.65185	0.142
38.71835	0.12005	0.121096	19.36835	0.1021
38.87005	0.12029	0.121542	19.52005	0.11295
38.7188	0.12068	0.120001	19.3688	0.1916
38.69125	0.12175	0.123087	19.34125	0.09805
38.93065	0.1218	0.122851	19.58065	0.13445
38.72365	0.12211	0.122027	19.37365	0.11495
38.7448	0.1229	0.124072	19.3948	0.11665
38.79025	0.12291	0.123127	19.44025	0.1033
38.769800000000004	0.12347	0.124465	19.4198	0.10285
38.924099999999996	0.12365	0.125024	19.5741	0.1083
38.7523	0.12368	0.124407	19.4023	0.1022
38.8284	0.1244	0.125735	19.4784	0.1006
38.8184	0.12531	0.123998	19.4684	0.10355
38.71855	0.1262	0.126548	19.36855	0.113
38.935249999999996	0.12631	0.127168	19.58525	0.13485
38.876000000000005	0.12672	0.128097	19.526	0.1097
38.8929	0.12679	0.128104	19.5429	0.11965
38.94325	0.12687	0.127753	19.59325	0.10365
38.9116	0.12783	0.128932	19.5616	0.132
38.93985	0.12891	0.129669	19.58985	0.12795
38.8583	0.12913	0.129907	19.5083	0.1143
38.96205	0.12924	0.13061	19.61205	0.10875
38.897099999999995	0.12941	0.130407	19.5471	0.1075
39.14635	0.12995	0.130915	19.79635	0.12165
39.2793	0.13226	0.132935	19.9293	0.1333
38.88775	0.13269	0.131904	19.53775	0.0994
38.94395	0.13366	0.134481	19.59395	0.101
39.15745	0.13523	0.136001	19.80745	0.1216
39.3171	0.13527	0.136217	19.9671	0.1135
38.93645	0.13653	0.137291	19.58645	0.1105
39.111450000000005	0.13659	0.136909	19.76145	0.12305
39.0902	0.13672	0.137945	19.7402	0.1138
39.114850000000004	0.13679	0.138175	19.76485	0.11075
39.47265	0.13712	0.13848	20.12265	0.11415
39.01285	0.13796	0.139146	19.66285	0.10475
39.053250000000006	0.13806	0.139072	19.70325	0.10245
39.1995	0.13816	0.139557	19.8495	0.1169
39.144400000000005	0.13823	0.139594	19.7944	0.1038
39.34935	0.13847	0.139837	19.99935	0.13335
39.11995	0.13855	0.139576	19.76995	0.1308
39.17205	0.1388	0.139993	19.82205	0.1072
39.1299	0.13947	0.139969	19.7799	0.1129
39.221000000000004	0.14055	0.141761	19.871	0.11635
39.1922	0.14135	0.142016	19.8422	0.13225
39.14675	0.14167	0.143622	19.79675	0.1047
39.23005	0.14343	0.144789	19.88005	0.10815
39.18575	0.14393	0.145221	19.83575	0.113
39.166650000000004	0.14406	0.144671	19.81665	0.10485
39.1606	0.14462	0.145848	19.8106	0.13965
39.25865	0.14519	0.146287	19.90865	0.1399
39.6051	0.14539	0.1447	20.2551	0.1724
39.0231	0.14566	0.146844	19.6731	0.12755
39.26105	0.14648	0.146988	19.91105	0.11095
39.126000000000005	0.14711	0.148518	19.776	0.10335
39.189750000000004	0.14723	0.14788	19.83975	0.1218
39.23745	0.14761	0.147539	19.88745	0.11365
39.1903	0.14774	0.149098	19.8403	0.1023
39.26815	0.14864	0.150028	19.91815	0.1063
39.501549999999995	0.14949	0.149974	20.15155	0.16675
39.2057	0.15062	0.151321	19.8557	0.11605
39.287499999999994	0.15069	0.150018	19.9375	0.11
39.143299999999996	0.15171	0.152851	19.7933	0.10325
39.435550000000006	0.15253	0.153896	20.08555	0.11355
39.28715	0.15269	0.152019	19.93715	0.11585
39.3524	0.15286	0.154207	20.0024	0.10245
39.34965	0.15298	0.153953	19.99965	0.1096
39.1924	0.15333	0.154249	19.8424	0.10465
39.4726	0.15352	0.154541	20.1226	0.10495
39.18105	0.15474	0.156104	19.83105	0.1045
39.3751	0.1549	0.156305	20.0251	0.1063
39.49265	0.15499	0.156344	20.14265	0.11795
39.33785	0.15625	0.156861	19.98785	0.12595
39.37475	0.1567	0.158079	20.02475	0.15485
39.294	0.1568	0.157475	19.944	0.1104
39.4739	0.1568	0.157611	20.1239	0.12545
39.16685	0.15819	0.15954	19.81685	0.12375
39.34615	0.15881	0.160129	19.99615	0.1245
39.18815	0.15933	0.15982	19.83815	0.1054
39.53505	0.15948	0.160014	20.18505	0.1775
39.27285	0.16018	0.160857	19.92285	0.11045
39.426050000000004	0.16031	0.160857	20.07605	0.129
39.33615	0.1604	0.161794	19.98615	0.10955
39.51235	0.16046	0.160006	20.16235	0.167
39.2829	0.16053	0.16133	19.9329	0.1156
39.423649999999995	0.16139	0.160042	20.07365	0.12015
39.4859	0.16163	0.162833	20.1359	0.1299
39.598299999999995	0.16267	0.16384	20.2483	0.1303
39.3737	0.16382	0.164535	20.0237	0.11915
39.38175	0.16448	0.165344	20.03175	0.1083
39.4349	0.16503	0.165737	20.0849	0.11585
39.444050000000004	0.16514	0.165355	20.09405	0.10665
39.2845	0.16576	0.167068	19.9345	0.12155
39.4023	0.16799	0.169222	20.0523	0.1219
39.6054	0.1694	0.168047	20.2554	0.1144
39.81515	0.16941	0.170713	20.46515	0.1317
39.5989	0.17008	0.171468	20.2489	0.107
39.47375	0.17043	0.171802	20.12375	0.14255
39.637299999999996	0.17144	0.170029	20.2873	0.17315
39.57	0.17157	0.172509	20.22	0.11585
39.84025	0.17281	0.172083	20.49025	0.1308
39.50345	0.17331	0.174222	20.15345	0.09925
39.831199999999995	0.17354	0.174808	20.4812	0.1283
39.43825	0.17359	0.172991	20.08825	0.1083
39.678399999999996	0.17365	0.174844	20.3284	0.1373
39.632149999999996	0.17371	0.174692	20.28215	0.12665
39.6961	0.1742	0.174889	20.3461	0.1115
39.5869	0.17424	0.175164	20.2369	0.11045
39.855599999999995	0.17461	0.17605	20.5056	0.1317
39.59765	0.17537	0.176784	20.24765	0.1249
39.635450000000006	0.17675	0.178176	20.28545	0.129
39.5897	0.17685	0.177014	20.2397	0.106
39.826750000000004	0.17708	0.176891	20.47675	0.1273
39.68625	0.17746	0.177857	20.33625	0.12905
39.421800000000005	0.17748	0.178821	20.0718	0.12115
39.705200000000005	0.1777	0.177015	20.3552	0.11035
39.55345	0.17772	0.178836	20.20345	0.1224
40.07835	0.17818	0.179577	20.72835	0.1286
39.725350000000006	0.17831	0.17963	20.37535	0.1134
39.7525	0.1787	0.180013	20.4025	0.1152
39.6309	0.17893	0.180378	20.2809	0.1225
39.89675	0.1792	0.180427	20.54675	0.14915
39.831	0.17967	0.179996	20.481	0.1699
39.65175	0.17972	0.180326	20.30175	0.11325
40.03245	0.18004	0.18062	20.68245	0.14335
39.48755	0.18046	0.180963	20.13755	0.10565
39.6252	0.18058	0.181993	20.2752	0.1117
39.7364	0.1806	0.180032	20.3864	0.1142
39.69675	0.18071	0.179996	20.34675	0.16425
39.561449999999994	0.18122	0.181809	20.21145	0.10535
39.775999999999996	0.18141	0.180032	20.426	0.1593
39.824	0.18152	0.181617	20.474	0.12575
39.72965	0.18212	0.181274	20.37965	0.13765
39.685900000000004	0.18223	0.182721	20.3359	0.12625
39.93185	0.18261	0.183816	20.58185	0.1376
39.8574	0.18353	0.184972	20.5074	0.1247
39.6451	0.18356	0.183882	20.2951	0.1284
39.902649999999994	0.18365	0.185096	20.55265	0.14145
39.7147	0.18446	0.185889	20.3647	0.13065
39.90175	0.1846	0.185289	20.55175	0.1118
39.73765	0.1846	0.185954	20.38765	0.1082
39.72525	0.18478	0.186226	20.37525	0.1056
39.66575	0.18484	0.186292	20.31575	0.1235
39.8058	0.18538	0.183995	20.4558	0.10405
39.68785	0.18542	0.186785	20.33785	0.1283
39.887100000000004	0.18542	0.184034	20.5371	0.1169
39.83365	0.18562	0.186811	20.48365	0.1298
39.875150000000005	0.18628	0.187733	20.52515	0.11385
39.5539	0.18905	0.189638	20.2039	0.1187
39.8364	0.1891	0.190429	20.4864	0.13035
40.23525	0.18914	0.190054	20.88525	0.12885
39.85025	0.18959	0.189985	20.50025	0.1605
39.81505	0.18988	0.190754	20.46505	0.1185
39.7561	0.19005	0.19133	20.4061	0.1552
39.998599999999996	0.19024	0.191177	20.6486	0.11825
40.0428	0.1907	0.191003	20.6928	0.11925
39.405	0.19141	0.190029	20.055	0.15515
39.8815	0.1919	0.192798	20.5315	0.1404
39.945800000000006	0.19358	0.194824	20.5958	0.1361
39.967150000000004	0.1957	0.194793	20.61715	0.12925
39.8786	0.19582	0.19676	20.5286	0.1151
39.898250000000004	0.1959	0.197182	20.54825	0.11935
39.85135	0.19602	0.195295	20.50135	0.109
40.05795	0.1963	0.197759	20.70795	0.1369
40.087900000000005	0.1965	0.197785	20.7379	0.13845
39.931799999999996	0.19694	0.198388	20.5818	0.1167
39.7852	0.19731	0.198237	20.4352	0.1122
39.84105	0.19777	0.199199	20.49105	0.129
39.990700000000004	0.1984	0.199767	20.6407	0.1317
39.96015	0.19845	0.199782	20.61015	0.13895
39.994200000000006	0.1986	0.197999	20.6442	0.1223
39.7468	0.1994	0.198999	20.3968	0.14145
39.961749999999995	0.19958	0.199974	20.61175	0.15295
40.01375	0.1998	0.200995	20.66375	0.13595
40.07485	0.20072	0.200029	20.72485	0.1607
39.877399999999994	0.20073	0.199988	20.5274	0.21145
39.73595	0.20192	0.203311	20.38595	0.11475
39.952650000000006	0.20244	0.203825	20.60265	0.13765
40.0849	0.20284	0.204254	20.7349	0.1164
39.99165	0.20291	0.204218	20.64165	0.1209
40.0501	0.20299	0.204386	20.7001	0.1382
39.9234	0.20311	0.204559	20.5734	0.12555
39.99385	0.20314	0.203865	20.64385	0.12035
40.0009	0.20324	0.204563	20.6509	0.11955
40.01435	0.20431	0.205641	20.66435	0.12435
40.284	0.20493	0.20619	20.934	0.1568
40.08155	0.20532	0.20676	20.73155	0.1351
39.915800000000004	0.20562	0.20629	20.5658	0.12095
39.9039	0.20584	0.205729	20.5539	0.15765
40.38995	0.2071	0.208558	21.03995	0.18575
40.00465	0.20824	0.209554	20.65465	0.12075
40.051950000000005	0.20827	0.209744	20.70195	0.1319
39.942949999999996	0.20861	0.207972	20.59295	0.11275
40.209	0.2088	0.209992	20.859	0.16115
40.25475	0.20982	0.211166	20.90475	0.1584
39.9902	0.21028	0.211747	20.6402	0.1335
39.92655	0.21037	0.211378	20.57655	0.1203
40.363600000000005	0.21053	0.211784	21.0136	0.15075
40.08865	0.21073	0.210015	20.73865	0.1623
39.99495	0.21075	0.210999	20.64495	0.10525
40.077	0.21075	0.212127	20.727	0.12695
40.2708	0.21079	0.211005	20.9208	0.1231
39.9747	0.21139	0.21276	20.6247	0.1276
40.49485	0.21154	0.212956	21.14485	0.1818
40.03915	0.21198	0.212477	20.68915	0.12295
40.15065	0.21231	0.212868	20.80065	0.1303
40.02635	0.21311	0.213867	20.67635	0.1429
40.08185	0.21313	0.214557	20.73185	0.12325
40.132949999999994	0.21327	0.214726	20.78295	0.1364
40.1717	0.21432	0.215748	20.8217	0.1308
40.08405	0.21434	0.214903	20.73405	0.17345
40.55185	0.2149	0.216177	21.20185	0.1483
39.945750000000004	0.21641	0.216994	20.59575	0.11555
40.1623	0.21651	0.217778	20.8123	0.13625
40.1309	0.21731	0.218747	20.7809	0.13945
40.24395	0.21735	0.218249	20.89395	0.15665
40.2818	0.21791	0.218886	20.9318	0.14225
40.11195	0.2184	0.219759	20.76195	0.1415
40.326	0.2186	0.220014	20.976	0.1685
40.22005	0.21861	0.22003	20.87005	0.13435
40.2354	0.21911	0.220445	20.8854	0.1261
40.0219	0.21929	0.220738	20.6719	0.1534
40.1969	0.21946	0.219002	20.8469	0.1023
40.35055	0.2195	0.220905	21.00055	0.1346
40.18145	0.21986	0.218437	20.83145	0.10825
40.16795	0.22043	0.221843	20.81795	0.15445
40.1353	0.22146	0.220039	20.7853	0.1197
40.17175	0.22146	0.220043	20.82175	0.14915
40.2856	0.2223	0.223738	20.9356	0.1392
40.4304	0.22259	0.224082	21.0804	0.1546
40.28075	0.22308	0.224497	20.93075	0.1281
40.10105	0.22374	0.223004	20.75105	0.12225
40.51495	0.22425	0.22573	21.16495	0.15345
40.018100000000004	0.22448	0.225002	20.6681	0.15385
40.211	0.2251	0.226402	20.861	0.12955
40.2129	0.22556	0.224142	20.8629	0.1228
40.07299999999999	0.22562	0.224985	20.723	0.12425
40.2271	0.22644	0.227762	20.8771	0.141
40.18435	0.22796	0.228791	20.83435	0.15045
40.31525	0.22853	0.229998	20.96525	0.12895
40.344449999999995	0.22889	0.230357	20.99445	0.14355
40.2294	0.22939	0.230867	20.8794	0.1271
40.30825	0.22943	0.230007	20.95825	0.1411
40.3638	0.23027	0.230879	21.0138	0.14645
40.09845	0.23071	0.230646	20.74845	0.15255
40.38315	0.23086	0.230024	21.03315	0.15375
40.27185	0.23152	0.233024	20.92185	0.1499
40.27065	0.23353	0.234963	20.92065	0.1527
40.23475	0.23359	0.234773	20.88475	0.1537
40.56045	0.23362	0.232982	21.21045	0.1599
40.2144	0.23466	0.235172	20.8644	0.19515
40.3429	0.23517	0.236507	20.9929	0.1458
40.5047	0.23603	0.237419	21.1547	0.12315
40.22655	0.23643	0.237838	20.87655	0.14325
40.36435	0.23657	0.237956	21.01435	0.146
40.3724	0.2368	0.238025	21.0224	0.1241
40.3647	0.23753	0.2387	21.0147	0.1316
40.5981	0.23823	0.237264	21.2481	0.14335
40.54555	0.23851	0.240021	21.19555	0.2471
40.06895	0.23943	0.23998	20.71895	0.1478
40.4434	0.24001	0.239963	21.0934	0.1643
40.48115	0.24074	0.240016	21.13115	0.11795
40.44055	0.24111	0.241048	21.09055	0.1118
40.20675	0.24146	0.241982	20.85675	0.13015
40.330749999999995	0.24162	0.242779	20.98075	0.15175
40.6952	0.24177	0.243249	21.3452	0.1569
40.534549999999996	0.24237	0.243891	21.18455	0.15195
40.690799999999996	0.24275	0.242026	21.3408	0.1213
40.37795	0.24288	0.244263	21.02795	0.1175
40.59885	0.24317	0.244376	21.24885	0.15475
40.310249999999996	0.2441	0.245419	20.96025	0.1449
40.21815	0.24488	0.24498	20.86815	0.1298
40.40305	0.24494	0.244258	21.05305	0.1237
40.6089	0.2451	0.246591	21.2589	0.1441
40.7252	0.24526	0.246586	21.3752	0.1882
40.0698	0.24527	0.246714	20.7198	0.14705
40.465900000000005	0.2453	0.246722	21.1159	0.14105
40.477999999999994	0.24575	0.247197	21.128	0.1225
40.23445	0.24583	0.245879	20.88445	0.13085
40.4966	0.24599	0.244544	21.1466	0.1219
40.372299999999996	0.24615	0.247536	21.0223	0.14645
40.5069	0.24616	0.247215	21.1569	0.13055
40.510549999999995	0.24649	0.245995	21.16055	0.10805
40.33175	0.24805	0.249544	20.98175	0.13435
40.4761	0.24828	0.249718	21.1261	0.1388
40.44655	0.24832	0.249347	21.09655	0.1326
40.54025	0.24849	0.250024	21.19025	0.14705
40.552800000000005	0.24862	0.24967	21.2028	0.13995
40.4827	0.2488	0.249999	21.1327	0.1596
40.37715	0.249	0.250015	21.02715	0.11585
40.73165	0.24931	0.250801	21.38165	0.1409
40.4269	0.24943	0.250908	21.0769	0.14445
40.5176	0.24954	0.250516	21.1676	0.1247
40.55115	0.24999	0.251473	21.20115	0.13305
40.7268	0.25001	0.249964	21.3768	0.1625
40.6482	0.2501	0.251435	21.2982	0.13225
40.463499999999996	0.25012	0.250037	21.1135	0.14315
40.526300000000006	0.2505	0.250002	21.1763	0.1114
40.3768	0.25051	0.24998	21.0268	0.13165
40.7564	0.25085	0.25181	21.4064	0.1659
40.559	0.25149	0.252746	21.209	0.1266
40.5838	0.25163	0.253014	21.2338	0.1462
40.5178	0.25218	0.253698	21.1678	0.16095
40.557550000000006	0.25249	0.254022	21.20755	0.11325
40.44145	0.2534	0.254211	21.09145	0.11245
40.6844	0.25577	0.257302	21.3344	0.1818
40.6064	0.25626	0.257704	21.2564	0.16145
40.6258	0.25641	0.257921	21.2758	0.1749
40.48985	0.25654	0.256987	21.13985	0.14805
40.69695	0.2569	0.258396	21.34695	0.16715
40.6241	0.25693	0.258369	21.2741	0.1446
40.721149999999994	0.2574	0.258373	21.37115	0.15
40.6275	0.25769	0.259194	21.2775	0.14285
40.48905	0.25848	0.260022	21.13905	0.14085
40.66275	0.26043	0.261732	21.31275	0.1521
40.577650000000006	0.26051	0.259992	21.22765	0.12265
40.7072	0.26088	0.260011	21.3572	0.14225
40.5536	0.2611	0.262051	21.2036	0.13865
40.8059	0.26132	0.262782	21.4559	0.17885
40.5168	0.26136	0.262781	21.1668	0.15835
40.50835	0.26199	0.263005	21.15835	0.1082
40.741	0.26312	0.263024	21.391	0.1313
40.7076	0.26318	0.264684	21.3576	0.14295
40.385000000000005	0.26327	0.264704	21.035	0.1514
40.50515	0.26349	0.262995	21.15515	0.1079
40.6179	0.26377	0.26512	21.2679	0.15695
40.414	0.26388	0.264924	21.064	0.1418
40.581900000000005	0.26388	0.263029	21.2319	0.12955
40.80355	0.26419	0.265709	21.45355	0.1665
40.594899999999996	0.2646	0.265081	21.2449	0.1389
40.4109	0.2655	0.266737	21.0609	0.1301
40.682249999999996	0.26658	0.26794	21.33225	0.14765
40.574749999999995	0.26801	0.267968	21.22475	0.16715
40.838300000000004	0.26826	0.269695	21.4883	0.15275
40.74935	0.26828	0.26883	21.39935	0.16265
40.69225	0.26848	0.269987	21.34225	0.14435
40.59725	0.26849	0.267995	21.24725	0.1051
40.5262	0.26862	0.27	21.1762	0.0993
40.6359	0.26991	0.27081	21.2859	0.12695
40.71745	0.27001	0.269953	21.36745	0.13725
40.5856	0.27047	0.272021	21.2356	0.1242
40.691900000000004	0.27057	0.272141	21.3419	0.169
40.57425	0.27088	0.270028	21.22425	0.12
40.65945	0.27131	0.270808	21.30945	0.10785
40.65625	0.27307	0.274598	21.30625	0.14505
40.7234	0.27446	0.276026	21.3734	0.1525
40.857150000000004	0.27509	0.275592	21.50715	0.1382
40.6369	0.27509	0.274204	21.2869	0.11615
40.720749999999995	0.27511	0.276662	21.37075	0.15505
40.7985	0.2754	0.276958	21.4485	0.153
40.97545	0.27631	0.277457	21.62545	0.19055
41.2307	0.27716	0.278675	21.8807	0.2055
40.736599999999996	0.27805	0.278833	21.3866	0.13915
40.851150000000004	0.279	0.280071	21.50115	0.13265
40.6273	0.27946	0.281007	21.2773	0.1398
40.6469	0.27989	0.279014	21.2969	0.11365
40.7287	0.28051	0.280015	21.3787	0.11055
40.9246	0.28251	0.282002	21.5746	0.1073
40.7941	0.28313	0.284019	21.4441	0.13595
40.759150000000005	0.2836	0.284998	21.40915	0.1028
40.6663	0.28397	0.28502	21.3163	0.1146
40.824	0.284	0.285523	21.474	0.15145
40.6482	0.28403	0.285517	21.2982	0.13635
40.95225	0.28509	0.286649	21.60225	0.15435
40.576499999999996	0.2854	0.285023	21.2265	0.12315
40.81645	0.28546	0.286995	21.46645	0.1395
40.78725	0.28578	0.285002	21.43725	0.1358
40.77305	0.28622	0.287713	21.42305	0.15585
41.0327	0.28631	0.287693	21.6827	0.1504
40.804050000000004	0.28707	0.288644	21.45405	0.14295
40.6168	0.28712	0.288624	21.2668	0.1491
40.8326	0.28845	0.29002	21.4826	0.1256
40.8795	0.28854	0.290127	21.5295	0.1639
41.065	0.2896	0.289979	21.715	0.1649
40.7214	0.29003	0.290826	21.3714	0.15315
40.7912	0.2902	0.290995	21.4412	0.13835
40.586	0.2908	0.2923	21.236	0.14645
40.655950000000004	0.2909	0.29	21.30595	0.15955
40.86945	0.29121	0.291854	21.51945	0.1501
40.82215	0.29172	0.291199	21.47215	0.12535
40.52535	0.29212	0.292039	21.17535	0.1226
40.8187	0.29245	0.293993	21.4687	0.1649
40.839600000000004	0.29282	0.292719	21.4896	0.1351
40.89425	0.29291	0.291997	21.54425	0.1708
40.92975	0.29318	0.294713	21.57975	0.1437
41.1208	0.29532	0.296875	21.7708	0.1925
41.0791	0.2956	0.295015	21.7291	0.123
40.7949	0.29649	0.297971	21.4449	0.1446
41.34485	0.29843	0.300023	21.99485	0.16045
41.01705	0.29859	0.299821	21.66705	0.1633
40.74335000000001	0.2988	0.299998	21.39335	0.16425
40.869749999999996	0.29911	0.300196	21.51975	0.1301
41.05345	0.29948	0.300011	21.70345	0.1614
40.770399999999995	0.30004	0.301633	21.4204	0.15885
40.97535	0.30006	0.300739	21.62535	0.16525
41.06085	0.30012	0.300042	21.71085	0.11935
41.26835	0.30078	0.299999	21.91835	0.1704
41.16235	0.30143	0.303025	21.81235	0.1445
40.935900000000004	0.30156	0.300046	21.5859	0.13495
40.992450000000005	0.30158	0.302999	21.64245	0.0939
40.963499999999996	0.30249	0.302961	21.6135	0.15825
41.222	0.30317	0.304766	21.872	0.13765
41.01825	0.30337	0.302666	21.66825	0.11865
40.84625	0.30369	0.304775	21.49625	0.135
40.99295	0.30525	0.304598	21.64295	0.1129
40.7303	0.30538	0.306692	21.3803	0.19765
41.049499999999995	0.30549	0.305982	21.6995	0.13305
41.03485	0.30567	0.304975	21.68485	0.12015
41.12705	0.30617	0.306839	21.77705	0.16135
41.037499999999994	0.30642	0.30802	21.6875	0.1493
41.23165	0.30666	0.305975	21.88165	0.1627
41.30175	0.30801	0.307956	21.95175	0.1182
41.18605	0.3088	0.310259	21.83605	0.15525
41.07385	0.30894	0.31044	21.72385	0.1693
41.1614	0.309	0.310609	21.8114	0.19685
40.93775	0.3092	0.310004	21.58775	0.1462
40.809749999999994	0.31032	0.311682	21.45975	0.15795
41.16735	0.31079	0.310012	21.81735	0.13845
41.0917	0.31156	0.310038	21.7417	0.10825
40.980850000000004	0.31262	0.313731	21.63085	0.14295
41.1725	0.31353	0.314512	21.8225	0.14945
40.7118	0.31437	0.315685	21.3618	0.137
41.170100000000005	0.31468	0.315791	21.8201	0.1572
41.2541	0.3148	0.315992	21.9041	0.12485
41.0668	0.31555	0.316689	21.7168	0.15355
41.2842	0.31579	0.315011	21.9342	0.1522
41.1887	0.31774	0.318814	21.8387	0.1521
41.1616	0.31811	0.319697	21.8116	0.12465
41.4316	0.31841	0.320023	22.0816	0.21085
41.015950000000004	0.31894	0.320022	21.66595	0.15665
41.2669	0.31894	0.320019	21.9169	0.137
41.0456	0.32007	0.321626	21.6956	0.1358
41.3692	0.32092	0.320025	22.0192	0.15495
41.06485	0.32095	0.321997	21.71485	0.1245
40.89775	0.32218	0.320635	21.54775	0.14025
41.143649999999994	0.32454	0.322995	21.79365	0.10225
41.2551	0.32529	0.326919	21.9051	0.1809
41.31765	0.32531	0.325262	21.96765	0.14105
41.26925	0.32553	0.325016	21.91925	0.1384
41.0233	0.32601	0.327608	21.6733	0.1464
41.155150000000006	0.32753	0.329157	21.80515	0.13855
41.32245	0.32832	0.328229	21.97245	0.18155
41.4829	0.3284	0.330025	22.1329	0.16575
41.0155	0.32841	0.329987	21.6655	0.17245
41.56015	0.32891	0.330531	22.21015	0.20955
41.00335	0.32944	0.331065	21.65335	0.14295
41.3369	0.32944	0.330511	21.9869	0.11895
41.2821	0.33015	0.331628	21.9321	0.1589
41.3484	0.33059	0.329032	21.9984	0.1153
41.337050000000005	0.3306	0.330002	21.98705	0.15615
41.17885	0.3307	0.332056	21.82885	0.1481
41.122600000000006	0.33081	0.33	21.7726	0.15595
41.1329	0.33094	0.332002	21.7829	0.10685
41.38	0.33096	0.332589	22.03	0.19055
41.1189	0.33159	0.330038	21.7689	0.1401
41.181	0.33159	0.330036	21.831	0.11675
41.1081	0.3318	0.331006	21.7581	0.12005
41.400800000000004	0.33293	0.33202	22.0508	0.14375
41.2849	0.33398	0.33562	21.9349	0.1592
41.095749999999995	0.33493	0.334019	21.74575	0.1129
41.090450000000004	0.33742	0.337329	21.74045	0.14605
41.2291	0.33748	0.337964	21.8791	0.16625
41.2637	0.33753	0.337001	21.9137	0.10655
41.263149999999996	0.33829	0.33674	21.91315	0.151
41.23335	0.33848	0.338974	21.88335	0.13905
41.139700000000005	0.3385	0.339694	21.7897	0.1618
41.2963	0.34052	0.340003	21.9463	0.10555
41.23785	0.34092	0.342026	21.88785	0.1485
41.236050000000006	0.3416	0.340044	21.88605	0.16925
41.3093	0.34546	0.346	21.9593	0.1626
41.46525	0.34593	0.347006	22.11525	0.111
41.58255	0.34688	0.348525	22.23255	0.2533
41.1412	0.34701	0.346966	21.7912	0.14045
41.4662	0.34872	0.349804	22.1162	0.13315
41.331649999999996	0.34902	0.348933	21.98165	0.1223
41.2075	0.34923	0.349124	21.8575	0.11575
41.37925	0.34931	0.347942	22.02925	0.13805
41.49445	0.34957	0.347998	22.14445	0.11065
41.09	0.34957	0.347996	21.74	0.12
41.3123	0.3507	0.349139	21.9623	0.10725
41.35245	0.35092	0.35085	22.00245	0.1283
41.577200000000005	0.35157	0.349997	22.2272	0.1136
41.40965	0.35161	0.350043	22.05965	0.1158
41.16674999999999	0.35306	0.354598	21.81675	0.1515
41.4958	0.35363	0.353517	22.1458	0.14555
41.58665	0.35527	0.3537	22.23665	0.113
41.40915	0.35582	0.355297	22.05915	0.12645
41.3194	0.35833	0.357796	21.9694	0.11425
41.309650000000005	0.35858	0.356996	21.95965	0.1186
41.54585	0.35902	0.358942	22.19585	0.1342
41.277550000000005	0.36001	0.35996	21.92755	0.1335
41.2202	0.3602	0.359463	21.8702	0.1604
41.512100000000004	0.36082	0.360001	22.1621	0.14215
41.2582	0.36135	0.362989	21.9082	0.2036
41.5244	0.36165	0.362713	22.1744	0.1645
41.5565	0.36491	0.366003	22.2065	0.1423
41.23675	0.36616	0.367826	21.88675	0.1841
41.356700000000004	0.36646	0.368089	22.0067	0.1243
41.3404	0.36783	0.367012	21.9904	0.12345
41.59455	0.36791	0.369001	22.24455	0.1019
41.61255	0.36924	0.370275	22.26255	0.14325
41.39745	0.36939	0.370763	22.04745	0.1558
41.81065	0.37003	0.371627	22.46065	0.1636
41.45035	0.37013	0.370013	22.10035	0.1358
41.50255	0.3705	0.372001	22.15255	0.1043
41.1444	0.37051	0.370012	21.7944	0.11375
41.39575	0.37053	0.370003	22.04575	0.11295
41.4901	0.3706	0.368994	22.1401	0.1211
41.48805	0.37089	0.372031	22.13805	0.26375
41.63785	0.37144	0.370894	22.28785	0.1245
41.55135	0.3715	0.373003	22.20135	0.10745
41.47745	0.37164	0.370032	22.12745	0.10645
41.46185	0.3735	0.374998	22.11185	0.1039
41.654700000000005	0.37386	0.37532	22.3047	0.0854
41.56555	0.3786	0.377044	22.21555	0.1463
41.48745	0.37949	0.380829	22.13745	0.1395
41.53215	0.3799	0.381009	22.18215	0.1306
41.382549999999995	0.38003	0.381657	22.03255	0.1506
41.5035	0.38054	0.380022	22.1535	0.1307
41.5563	0.38083	0.379996	22.2063	0.1382
41.87675	0.38164	0.380039	22.52675	0.14085
41.66495	0.38171	0.380964	22.31495	0.143
41.53595	0.38246	0.382964	22.18595	0.1824
41.755750000000006	0.38447	0.386084	22.40575	0.14945
41.632450000000006	0.38598	0.385022	22.28245	0.126
41.6444	0.38734	0.388988	22.2944	0.18525
41.73909999999999	0.38775	0.387223	22.3891	0.15885
41.468050000000005	0.38887	0.390023	22.11805	0.14095
41.53855	0.39267	0.391033	22.18855	0.1588
41.6101	0.40048	0.401997	22.2601	0.1151
41.515	0.40078	0.402511	22.165	0.1348
41.65585	0.4008	0.402456	22.30585	0.1602
41.6036	0.40214	0.401317	22.2536	0.149
41.79625	0.40455	0.404	22.44625	0.1075
41.47805	0.40471	0.403983	22.12805	0.15365
41.914	0.40547	0.406998	22.564	0.11045
41.83095	0.40927	0.410407	22.48095	0.19045
41.801	0.40946	0.411001	22.451	0.10895
41.8168	0.40996	0.409404	22.4668	0.20545
41.9317	0.41131	0.412998	22.5817	0.15385
41.9589	0.41155	0.411029	22.6089	0.1289
41.8654	0.41664	0.415	22.5154	0.11755
41.73625	0.41865	0.417	22.38625	0.1152
41.8083	0.41929	0.421021	22.4583	0.14905
41.51134999999999	0.4193	0.420996	22.16135	0.152
41.94095	0.41957	0.419	22.59095	0.12095
41.84015	0.42028	0.422023	22.49015	0.2331
41.82585	0.42086	0.42	22.47585	0.16245
41.70675	0.42244	0.424003	22.35675	0.1192
41.949	0.42353	0.423431	22.599	0.2655
41.72855	0.42359	0.421934	22.37855	0.1425
41.9094	0.42693	0.426832	22.5594	0.1627
41.9689	0.42696	0.42611	22.6189	0.15295
42.385149999999996	0.42784	0.427009	23.03515	0.17065
42.101	0.42866	0.427	22.751	0.1294
41.8292	0.42886	0.42999	22.4792	0.1471
42.105149999999995	0.42967	0.428788	22.75515	0.1527
41.8944	0.43015	0.431326	22.5444	0.12545
41.9123	0.43487	0.436004	22.5623	0.1145
41.716750000000005	0.43544	0.436997	22.36675	0.109
42.19545	0.43673	0.435989	22.84545	0.14185
41.81285	0.43885	0.440015	22.46285	0.19185
41.91615	0.43927	0.438707	22.56615	0.132
42.20455	0.44007	0.439522	22.85455	0.16925
41.7738	0.44058	0.43999	22.4238	0.13695
42.022850000000005	0.44255	0.442001	22.67285	0.1137
41.92415	0.44368	0.441996	22.57415	0.1349
41.94905	0.44758	0.447008	22.59905	0.1524
42.13895	0.44956	0.449003	22.78895	0.14135
41.8003	0.45059	0.449985	22.4503	0.1316
42.0086	0.4507	0.45001	22.6586	0.15475
41.7659	0.45155	0.450997	22.4159	0.12515
41.71265	0.45169	0.450004	22.36265	0.1377
42.07345	0.45173	0.450035	22.72345	0.12465
42.1511	0.4604	0.460018	22.8011	0.14725
42.10035	0.46101	0.460026	22.75035	0.16435
41.97945	0.46127	0.460698	22.62945	0.13775
42.11265	0.46156	0.460995	22.76265	0.11115
42.56635	0.4664	0.467996	23.21635	0.1587
42.1322	0.46664	0.464937	22.7822	0.11645
42.08255	0.4684	0.47	22.73255	0.11785
42.450500000000005	0.47039	0.472004	23.1005	0.141
42.153999999999996	0.47057	0.470001	22.804	0.1221
42.00205	0.47058	0.470002	22.65205	0.12925
42.059650000000005	0.47175	0.470043	22.70965	0.15
42.045199999999994	0.47572	0.473995	22.6952	0.109
42.2761	0.47796	0.476228	22.9261	0.1649
41.9631	0.47942	0.479992	22.6131	0.1463
42.038650000000004	0.4804	0.481622	22.68865	0.17225
42.1252	0.48057	0.479997	22.7752	0.1151
42.098349999999996	0.48072	0.479001	22.74835	0.1138
42.3666	0.48176	0.480045	23.0166	0.15415
42.2153	0.48881	0.490006	22.8653	0.1136
42.230199999999996	0.4948	0.496005	22.8802	0.11765
42.2775	0.49737	0.498998	22.9275	0.13225
42.4005	0.50074	0.499001	23.0505	0.13595
42.3217	0.50091	0.499999	22.9717	0.1963
42.245850000000004	0.50275	0.502034	22.89585	0.20855
42.164249999999996	0.50276	0.501995	22.81425	0.2082
42.28445	0.50309	0.504299	22.93445	0.12605
42.3437	0.50718	0.509023	22.9937	0.1404
42.3205	0.50736	0.508995	22.9705	0.1253
42.1293	0.50818	0.51002	22.7793	0.14135
42.196749999999994	0.51002	0.509959	22.84675	0.1182
42.1706	0.5109	0.510024	22.8206	0.17305
42.463049999999996	0.51176	0.509997	23.11305	0.1165
42.477450000000005	0.5138	0.514997	23.12745	0.1329
42.337450000000004	0.51434	0.516002	22.98745	0.11725
42.53845	0.51476	0.512999	23.18845	0.1355
42.37365	0.51559	0.515003	23.02365	0.1762
42.3078	0.51879	0.520003	22.9578	0.1518
42.32595	0.51941	0.519982	22.97595	0.19605
42.38865	0.51961	0.518999	23.03865	0.109
42.50915	0.52278	0.520995	23.15915	0.14165
42.1922	0.52851	0.527901	22.8422	0.14315
42.409	0.53278	0.531	23.059	0.11385
42.284499999999994	0.53378	0.532	22.9345	0.1665
42.2723	0.53433	0.536	22.9223	0.1289
42.41945	0.53532	0.537005	23.06945	0.11085
42.33355	0.53578	0.533999	22.98355	0.1266
42.69415	0.54539	0.544288	23.34415	0.1462
42.242599999999996	0.54831	0.549997	22.8926	0.1438
42.4891	0.55014	0.550025	23.1391	0.14355
42.518150000000006	0.55031	0.552002	23.16815	0.1249
42.33515	0.5526	0.552001	22.98515	0.13425
42.6338	0.55381	0.551995	23.2838	0.1242
42.5994	0.55775	0.558997	23.2494	0.1349
42.514799999999994	0.55875	0.560004	23.1648	0.1335
42.9561	0.55875	0.560006	23.6061	0.15165
42.5928	0.56276	0.563999	23.2428	0.11755
42.6391	0.56475	0.566004	23.2891	0.13595
42.73495	0.57584	0.573995	23.38495	0.13845
42.585899999999995	0.57613	0.576039	23.2359	0.14515
42.5937	0.57661	0.576002	23.2437	0.1229
42.6302	0.57824	0.577308	23.2802	0.1624
42.5873	0.57828	0.579997	23.2373	0.13895
42.57495	0.57875	0.580004	23.22495	0.12065
42.5279	0.5796	0.579	23.1779	0.1197
42.71785	0.5806	0.579999	23.36785	0.1608
42.87355	0.58073	0.581997	23.52355	0.1372
42.69385	0.58294	0.5842	23.34385	0.1258
42.9581	0.58328	0.585005	23.6081	0.12955
42.6186	0.58375	0.585003	23.2686	0.09915
42.81355	0.58375	0.585003	23.46355	0.14025
42.919399999999996	0.58575	0.587002	23.5694	0.1417
42.79375	0.58728	0.588995	23.44375	0.14055
42.65085	0.58873	0.590005	23.30085	0.13005
42.6854	0.59027	0.591996	23.3354	0.1666
42.5929	0.59185	0.589999	23.2429	0.12625
42.7522	0.6006	0.600004	23.4022	0.15455
42.938050000000004	0.60326	0.605003	23.58805	0.1429
42.7267	0.60825	0.609996	23.3767	0.1266
42.8947	0.60987	0.607997	23.5447	0.14865
42.82615	0.61064	0.610001	23.47615	0.1329
43.089200000000005	0.61124	0.613	23.7392	0.1593
42.916250000000005	0.6157	0.617005	23.56625	0.1433
42.8334	0.61992	0.618034	23.4834	0.1156
42.8614	0.62063	0.62	23.5114	0.1131
42.7608	0.62189	0.619997	23.4108	0.1628
42.81015	0.62522	0.627002	23.46015	0.1303
42.763400000000004	0.62723	0.628997	23.4134	0.138
42.6669	0.63056	0.630023	23.3169	0.11795
42.7592	0.63071	0.631997	23.4092	0.1432
42.5117	0.6319	0.629999	23.1617	0.17705
43.01065	0.63222	0.633997	23.66065	0.20445
42.72	0.63771	0.639003	23.37	0.2329
42.84005	0.63822	0.640003	23.49005	0.184
42.97154999999999	0.64191	0.639999	23.62155	0.1659
42.95755	0.64364	0.642997	23.60755	0.1943
42.954499999999996	0.64364	0.643	23.6045	0.2013
42.975899999999996	0.64764	0.647002	23.6259	0.1613
42.88665	0.64864	0.648002	23.53665	0.159
43.098749999999995	0.66206	0.663397	23.74875	0.17955
42.9837	0.66464	0.663998	23.6337	0.1611
43.13495	0.67065	0.669999	23.78495	0.1775
43.3877	0.67767	0.678997	24.0377	0.2056
42.94755	0.68196	0.679997	23.59755	0.1484
43.2941	0.68366	0.682999	23.9441	0.2905
43.194	0.68517	0.686995	23.844	0.2326
42.9632	0.68866	0.690005	23.6132	0.1518
43.1027	0.69065	0.689995	23.7527	0.18375
43.14645	0.69315	0.694998	23.79645	0.24445
43.13265	0.69715	0.698997	23.78265	0.16195
43.142399999999995	0.69816	0.700004	23.7924	0.2171
43.12905	0.69915	0.701005	23.77905	0.15635
43.23895	0.69916	0.701003	23.88895	0.1728
43.30255	0.69998	0.697999	23.95255	0.2153
43.099199999999996	0.70064	0.702004	23.7492	0.1738
43.25875	0.70115	0.702998	23.90875	0.1805
43.061499999999995	0.70198	0.699997	23.7115	0.26255
43.1887	0.70198	0.699995	23.8387	0.16475
43.19395	0.71565	0.715001	23.84395	0.19425
43.03915	0.71868	0.717995	23.68915	0.15095
43.175250000000005	0.71963	0.720998	23.82525	0.2057
43.3726	0.72013	0.721996	24.0226	0.19335
43.22645	0.72068	0.719995	23.87645	0.2029
43.25005	0.72668	0.725997	23.90005	0.1628
43.2187	0.72767	0.727	23.8687	0.19785
43.118399999999994	0.73012	0.731997	23.7684	0.19115
43.1981	0.73362	0.735002	23.8481	0.15575
43.39855	0.73401	0.732001	24.04855	0.24055
43.05605	0.735	0.736202	23.70605	0.134
43.44175	0.73501	0.733001	24.09175	0.17825
43.419250000000005	0.73561	0.737002	24.06925	0.19205
43.37845	0.73602	0.733995	24.02845	0.2108
43.12845	0.73669	0.736003	23.77845	0.1399
43.1946	0.74	0.741202	23.8446	0.12605
43.61275	0.74202	0.739999	24.26275	0.21515
43.272549999999995	0.7427	0.742	23.92255	0.19885
43.35735	0.74566	0.744999	24.00735	0.1527
43.1556	0.74613	0.744096	23.8056	0.16465
43.16055	0.74909	0.751001	23.81055	0.18275
43.113	0.75068	0.750001	23.763	0.19155
43.38965	0.75669	0.755999	24.03965	0.1583
43.4057	0.75905	0.756997	24.0557	0.15165
43.27525	0.7607	0.759994	23.92525	0.14995
43.40415	0.76108	0.763	24.05415	0.16035
43.32575	0.76159	0.763006	23.97575	0.15445
43.45805	0.7656	0.766999	24.10805	0.1549
43.597049999999996	0.7666	0.767998	24.24705	0.1593
43.5807	0.76668	0.766003	24.2307	0.1806
43.734899999999996	0.76706	0.769004	24.3849	0.17855
43.5578	0.76859	0.769999	24.2078	0.16885
43.52605	0.77307	0.774997	24.17605	0.17625
43.4442	0.7766	0.778001	24.0942	0.17835
43.4569	0.78805	0.79	24.1069	0.13815
43.568799999999996	0.78904	0.791003	24.2188	0.11585
43.20445	0.79656	0.798005	23.85445	0.1588
43.710499999999996	0.79857	0.799997	24.3605	0.17435
43.17255	0.8007	0.800003	23.82255	0.1606
43.445750000000004	0.80569	0.804996	24.09575	0.1555
43.3639	0.80569	0.804995	24.0139	0.1301
43.6044	0.80603	0.808	24.2544	0.1837
43.90735	0.80804	0.810004	24.55735	0.16345
43.557950000000005	0.80902	0.811003	24.20795	0.1668
43.429500000000004	0.81072	0.810003	24.0795	0.17055
43.616749999999996	0.81369	0.812997	24.26675	0.14105
43.6931	0.81773	0.816998	24.3431	0.12085
43.5176	0.82212	0.819997	24.1676	0.18525
43.6856	0.82269	0.821998	24.3356	0.14625
43.74785	0.82854	0.830004	24.39785	0.1526
43.6554	0.83699	0.839001	24.3054	0.1427
43.5045	0.83814	0.835995	24.1545	0.1807
43.375299999999996	0.83999	0.841999	24.0253	0.15175
43.57255	0.84053	0.842003	24.22255	0.1456
43.6761	0.84214	0.839999	24.3261	0.1858
43.6605	0.84797	0.849995	24.3105	0.16975
43.68175	0.84852	0.850006	24.33175	0.14855
43.66865	0.85073	0.849996	24.31865	0.1304
43.6552	0.85298	0.854998	24.3052	0.1508
43.662800000000004	0.854	0.855202	24.3128	0.21455
43.794200000000004	0.85851	0.860003	24.4442	0.16535
43.473699999999994	0.85852	0.86	24.1237	0.1478
43.89425	0.85852	0.859998	24.54425	0.17845
43.74625	0.86397	0.866	24.39625	0.15285
43.719300000000004	0.8645	0.866006	24.3693	0.14625
43.69685	0.8665	0.868006	24.34685	0.17385
43.690200000000004	0.87217	0.870002	24.3402	0.1332
43.771649999999994	0.87796	0.879995	24.42165	0.14325
43.5304	0.89073	0.889995	24.1804	0.14085
43.9281	0.8932	0.890999	24.5781	0.1577
43.752750000000006	0.89693	0.898999	24.40275	0.16645
43.8628	0.90173	0.901003	24.5128	0.1511
43.9616	0.91075	0.909997	24.6116	0.16365
43.72895	0.91348	0.914998	24.37895	0.13735
43.705	0.92223	0.920002	24.355	0.1708
43.92175	0.92224	0.919996	24.57175	0.18725
44.0916	0.92491	0.926997	24.7416	0.1923
44.118700000000004	0.92624	0.923999	24.7687	0.10935
44.1289	0.9279	0.93	24.7789	0.1829
43.89795	0.93189	0.934001	24.54795	0.15235
44.054	0.93225	0.929998	24.704	0.21015
44.1153	0.93389	0.936001	24.7653	0.2009
43.616600000000005	0.935	0.936202	24.2666	0.1658
43.8217	0.93675	0.936001	24.4717	0.1405
43.76155	0.94688	0.948999	24.41155	0.1642
44.01675	0.94846	0.950003	24.66675	0.15105
44.03515	0.95076	0.949999	24.68515	0.14485
44.15665	0.95886	0.961002	24.80665	0.17245
44.15925	0.96074	0.960003	24.80925	0.14255
43.9236	0.96075	0.959998	24.5736	0.1577
44.465450000000004	0.97	0.971202	25.11545	0.26175
44.0561	0.9752	0.976402	24.7061	0.13985
44.13095	0.9833	0.981002	24.78095	0.143
44.178	0.98341	0.985003	24.828	0.153
44.27305	0.98377	0.982999	24.92305	0.1439
44.04965	0.9964	0.998006	24.69965	0.1408
43.962199999999996	0.99781	1.000003	24.6122	0.0953
44.4298	1.00279	1.002004	25.0798	0.19135
44.20445	1.014	1.015202	24.85445	0.2291
44.23235	1.02	1.021202	24.88235	0.1657
44.078900000000004	1.02879	1.030999	24.7289	0.16015
44.0373	1.0608	1.060002	24.6873	0.16415
43.98835	1.092	1.093202	24.63835	0.26405
44.4139	1.12	1.121202	25.0639	0.1649
45.089349999999996	1.206	1.205618	25.73935	0.3352
44.63615	1.23	1.231202	25.28615	0.19155
44.8485	1.23	1.231202	25.4985	0.17085
44.870149999999995	1.3	1.301202	25.52015	0.17875
44.6142	1.305	1.306202	25.2642	0.235
44.89235	1.315	1.316202	25.54235	0.1987
44.9534	1.33	1.330388	25.6034	0.1484
44.815200000000004	1.34	1.341202	25.4652	0.1632
44.865899999999996	1.37	1.371202	25.5159	0.1622
44.71305	1.39	1.391202	25.36305	0.20125
45.2572	1.54	1.538838	25.9072	0.21065
45.35705	1.55	1.550387	26.00705	0.18565
45.4092	1.7	1.701108	26.0592	0.2832
45.551100000000005	1.8	1.799601	26.2011	0.18795
45.5109	1.914	1.914829	26.1609	0.2559
46.227000000000004	2.26	2.259601	26.877	0.2548